2.227136196059461781e+01
2.206282239371666520e+01
2.182569640191616500e+01
2.155923721689912753e+01
2.126051807941800575e+01
2.092965468158080711e+01
2.056659728187019454e+01
2.016772655378860435e+01
1.972920646455310845e+01
1.925123460165784905e+01
1.873439729999009629e+01
1.816390938125515930e+01
1.752381248697754046e+01
1.680788544852365618e+01
1.594582106270516419e+01
1.483937839585584229e+01
1.340141110740136554e+01
1.152590195604976842e+01
9.076093557001264855e+00
5.880337536626857542e+00
1.716778959194577681e+00
-3.647315740585327148e+00
