2.338027208295069670e+01
2.327538483932717739e+01
2.314109907350458428e+01
2.297134756162971314e+01
2.275479631856765650e+01
2.247407461946055562e+01
2.212023387760696380e+01
2.167426286211715691e+01
2.112523804034075425e+01
2.044350770333475964e+01
1.959624568075838624e+01
1.857518220824271893e+01
1.725555533174740219e+01
1.558041068340490298e+01
1.358129094469580700e+01
1.123211021693635736e+01
8.534436089618576915e+00
5.539517167301653444e+00
2.377355683533664887e+00
-8.952662338962760202e-01
-3.647315740585327148e+00
