2.331391611218734994e+01
2.319345900138468863e+01
2.304607564649990792e+01
2.286453574291314439e+01
2.265385379767964835e+01
2.241272021860358521e+01
2.214327705246044786e+01
2.183780612619118244e+01
2.148598788697071882e+01
2.110118375256416456e+01
2.065671655183177080e+01
2.009955437161310243e+01
1.946405113552177824e+01
1.872599353152969570e+01
1.791691558789903027e+01
1.699327887743802279e+01
1.592622903171052684e+01
1.476616265392296690e+01
1.328591897525257615e+01
1.144607620781213519e+01
9.404783540782695184e+00
7.181435030129271979e+00
4.853025432705333486e+00
2.488707245013706881e+00
2.051240562456229100e-01
-2.000489580714464921e+00
-3.647315740585327148e+00
