2.332106591024098918e+01
2.320192465995450704e+01
2.305492479169180697e+01
2.287400556597324908e+01
2.265093701223172218e+01
2.238377733766269984e+01
2.205660844915890095e+01
2.163838129200217253e+01
2.113359271456300092e+01
2.052075371347401855e+01
1.980677165453508692e+01
1.895885828078129975e+01
1.794806733734429827e+01
1.680007239711834899e+01
1.533192132119283713e+01
1.349619217528927351e+01
1.140063134354963026e+01
9.047559923316605079e+00
6.486371923755889668e+00
3.788224662348763871e+00
1.098389286957395683e+00
-1.561766501815288422e+00
-3.647315740585327148e+00
