2.334877717905200711e+01
2.323421140220018799e+01
2.308855108998252348e+01
2.290641137090160839e+01
2.267591249372699735e+01
2.237737366299429453e+01
2.200302936413698518e+01
2.153281738245420129e+01
2.095806361864710254e+01
2.024785973438479658e+01
1.936890132543342702e+01
1.831707417106730418e+01
1.695565341445048801e+01
1.522811622858427327e+01
1.318054503833461411e+01
1.080126483507722668e+01
8.113853712416897679e+00
5.170832860215693216e+00
2.102569665010847189e+00
-1.046601483549995493e+00
-3.647315740585327148e+00
